1000 6
1050 7
1100 7
1150 8
1200 9
1250 10
1300 10
1350 11
1400 12
1450 13
1500 14
1550 15
1600 16
1650 20
1700 18
1750 20
1800 22
1850 23
1900 24
1950 25
2000 28
2050 28
2100 30
2150 31
2200 32
2250 33
2300 35
2350 36
2400 37
2450 39
2500 40
2550 42
2600 43
2650 55
2700 49
2750 51
2800 56
2850 55
2900 57
2950 59
3000 59
3050 59
3100 62
3150 66
3200 79
3250 72
3300 76
3350 74
3400 83
3450 77
3500 79
3550 83
3600 90
3650 93
3700 92
3750 101
3800 97
3850 100
3900 105
3950 110
4000 110
4050 114
4100 112
4150 112
4200 133
4250 148
4300 134
4350 133
4400 132
4450 137
4500 138
4550 139
4600 142
4650 142
4700 144
4750 149
4800 149
4850 158
4900 161
4950 162
5000 171
5050 167
5100 191
5150 176
5200 179
5250 185
5300 187
5350 189
5400 195
5450 198
5500 200
5550 203
5600 209
5650 211
5700 215
5750 224
5800 241
5850 238
5900 235
5950 260
6000 244
